0 0
1 1
2 2
3 1
4 0
5 1
6 0
7 2
8 0
9 1
10 0
11 2
12 0
13 2
14 2
15 1
16 2
17 2
18 2
19 2
20 2
21 1
22 2
23 2
24 2
25 0
26 0
27 1
28 2
29 0
30 2
31 2
32 0
33 2
34 2
35 2
36 2
37 2
38 2
39 2
40 2
41 2
42 2
43 2
44 0
45 1
46 2
47 0
48 2
49 1
50 2
51 2
52 2
53 2
54 2
55 1
56 2
57 2
58 2
59 1
60 2
61 0
62 2
63 2
64 2
65 2
66 2
67 2
68 2
69 2
70 2
71 0
72 2
73 2
74 2
75 2
76 2
77 2
78 2
79 2
80 0
81 2
82 2
83 2
84 2
85 2
86 2
87 2
88 2
89 2
90 2
91 0
92 2
93 2
94 2
95 2
96 2
97 2
98 0
99 2
100 0
101 2
102 0
103 2
104 0
105 2
106 0
107 2
108 0
109 0
110 0
111 2
112 0
113 2
114 0
115 2
116 2
117 2
118 1
119 2
120 2
121 2
122 2
123 2
124 2
125 2
126 2
127 2
128 0
129 2
130 2
131 2
132 2
133 2
134 2
135 2
136 1
137 2
138 1
139 2
140 1
141 2
142 2
143 1
144 2
145 2
146 1
147 2
148 2
149 2
150 2
151 2
152 1
153 2
154 1
155 2
156 1
157 2
158 2
159 1
160 1
161 2
162 2
163 1
164 2
165 1
166 1
167 1
168 2
169 2
170 1
171 2
172 0
173 2
174 2
175 2
176 0
177 2
178 1
179 0
180 2
181 0
182 1
183 0
184 2
185 1
186 2
187 2
188 1
189 2
190 0
191 1
192 1
193 2
194 1
195 2
196 2
197 2
198 0
199 2
200 2
201 0
202 1
203 2
204 0
205 2
206 1
207 2
208 0
209 2
210 1
211 2
212 1
213 2
214 2
215 1
216 2
217 2
218 1
219 2
220 1
221 2
222 2
223 2
224 1
225 2
226 2
227 2
228 2
229 2
230 2
231 2
232 1
233 2
234 2
235 2
236 2
237 2
238 0
239 2
240 1
241 2
242 0
243 2
244 2
245 2
246 2
247 2
248 0
249 2
250 2
251 2
252 0
253 2
254 1
255 1
256 2
257 2
258 2
259 2
260 2
261 2
262 2
263 2
264 2
265 2
266 2
267 2
268 2
269 2
270 2
271 2
272 2
273 2
274 2
275 2
276 2
277 2
278 2
279 2
280 2
281 2
282 2
283 2
284 2
285 2
286 2
287 2
288 2
289 2
290 2
291 2
292 2
293 2
294 2
295 2
296 1
297 2
298 1
299 2
300 2
301 2
302 2
303 2
304 2
305 2
306 2
307 2
308 2
309 2
310 2
311 2
312 2
313 2
314 2
315 2
316 2
317 2
318 2
319 2
320 2
321 2
322 2
323 2
324 2
325 2
326 2
327 2
328 2
329 2
330 2
331 2
332 2
333 2
334 2
335 2
336 2
337 2
338 1
339 1
340 1
341 2
342 2
343 2
344 2
345 2
346 2
347 2
348 2
349 2
350 2
